m = 13;
b = 0.0015;
c = 0.02;
Famax = 80;
Fbmax = 120;