%A
Ar12=0;
Ar13=0;
Ar14=0;
Ar23=0;
Ar24=0'
Ar34=0;
%B
Br12=sqrt((4.14-2.04)^2+(1.00)^2)-sqrt(1.00^2+2.04^2);
Br13=sqrt((4.14-2.04)^2+(1.00)^2)-sqrt((4.53-1.00)^2+(2.04)^2);
Br14=sqrt((4.14-2.04)^2+(1.00)^2)-sqrt((4.53-1.00)^2+(4.14-2.04)^2);
Br23=sqrt(1.00^2+2.04^2)-sqrt((4.53-1.00)^2+(2.04)^2);
Br24=sqrt(1.00^2+2.04^2)-sqrt((4.53-1.00)^2+(4.14-2.04)^2);
Br34=sqrt((4.53-1.00)^2+(2.04)^2)-sqrt((4.53-1.00)^2+(4.14-2.04)^2);
%C
%sqrt(()^2+()^2)-sqrt(()^2+()^2)
Cr12=sqrt((1.45)^2+(0.70)^2)-sqrt((1.45)^2+(4.14-0.70)^2);
Cr13=sqrt((1.45)^2+(0.70)^2)-sqrt((4.53-1.45)^2+(4.14-0.70)^2);
Cr14=sqrt((1.45)^2+(0.70)^2)-sqrt((4.53-1.45)^2+(0.70)^2);
Cr23=sqrt((1.45)^2+(4.14-0.70)^2)-sqrt((4.53-1.45)^2+(4.14-0.70)^2);
Cr24=sqrt((1.45)^2+(4.14-0.70)^2)-sqrt((4.53-1.45)^2+(0.70)^2);
Cr34=sqrt((4.53-1.45)^2+(4.14-0.70)^2)-sqrt((4.53-1.45)^2+(0.70)^2);
%D

Dr12=sqrt((4.53-1.48)^2+(1.00)^2)-sqrt((4.53-1.48)^2+(4.14-1.00)^2);
Dr13=sqrt((4.53-1.48)^2+(1.00)^2)-sqrt((1.48)^2+(4.14-1.00)^2);
Dr14=sqrt((4.53-1.48)^2+(1.00)^2)-sqrt((1.00)^2+(1.48)^2);
Dr23=sqrt((4.53-1.48)^2+(4.14-1.00)^2)-sqrt((1.48)^2+(4.14-1.00)^2);
Dr24=sqrt((4.53-1.48)^2+(4.14-1.00)^2)-sqrt((1.00)^2+(1.48)^2);
Dr34=sqrt((1.48)^2+(4.14-1.00)^2)-sqrt((1.00)^2+(1.48)^2);

%E
Er12=sqrt((4.53-0.75)^2+(4.14-0.70)^2)-sqrt((4.53-0.75)^2+(0.70)^2);
Er13=sqrt((4.53-0.75)^2+(4.14-0.70)^2)-sqrt((0.70)^2+(0.75)^2);
Er14=sqrt((4.53-0.75)^2+(4.14-0.70)^2)-sqrt((0.75)^2+(4.14-0.70)^2);
Er23=sqrt((4.53-0.75)^2+(0.70)^2)-sqrt((0.70)^2+(0.75)^2);
Er24=sqrt((4.53-0.75)^2+(0.70)^2)-sqrt((0.75)^2+(4.14-0.70)^2);
Er34=sqrt((0.70)^2+(0.75)^2)-sqrt((0.75)^2+(4.14-0.70)^2);
%F
Fr12=sqrt((1.81)^2+(4.14-0.56)^2)-sqrt((1.81)^2+(0.56)^2);
Fr13=sqrt((1.81)^2+(4.14-0.56)^2)-sqrt((4.53-1.81)^2+(0.56)^2);
Fr14=sqrt((1.81)^2+(4.14-0.56)^2)-sqrt((4.53-1.81)^2+(4.14-0.56)^2);
Fr23=sqrt((1.81)^2+(0.56)^2)-sqrt((4.53-1.81)^2+(0.56)^2);
Fr24=sqrt((1.81)^2+(0.56)^2)-sqrt((4.53-1.81)^2+(4.14-0.56)^2);
Fr34=sqrt((4.53-1.81)^2+(0.56)^2)-sqrt((4.53-1.81)^2+(4.14-0.56)^2);