Fa=18.8    %M160
Fd=0.4
m=3
c=13
