Fa=5
Fd=0.4
m=3
c=13
